UserId,Predicted
5881,5929 6131 6146 5942 6070 6021 6162 5920 6065 6055 6236 6320 6043 6047 6390 6074 6316 6164 6398 6367 5978 5981 6317 6214 6359 6259 6093 6110 6223 6262 6127 6382 6044 6305 5908 5913 6083 6063 6355 6112 6101 5934 6267 6343 6356 5912 6031 6194 6281 6133 6344 6195 5905 6318 5938 5952 5967 6071 6011 5989 6177 6095 6100 6257 6379 6207 6260 6067 6168 5911 5982 6035 6157 6412 6148 6288 5886 6082 6139 6170 6253 6304 6181 6387 6010 6059 6295 6187 5953 5956 5928 5900 5948 6066 5937 6058 5974 6057 6385 6347 6054 6103 6116 6032 6024 6378 5972 5951 6362 6020 6015 6052 6277 6306 6009 6209 6393 5979 6088 6000 5893 5914 5970 6030 6307 6310 6373 6322 6224 6231 6397 5896 6003 6175 6354 6099 6120 5943 5964 6129 6077 6199 6218 6358 6128 6381 6105 6240 6369 6108 6250 6254 6153 6338 6284 6408 6204 5925 6201 6089 6182 6143 6152 5959 5969 5971 6364 6401 6019 6213 6341 6159 6165 5897 6161 6255 6276 6241 6351 6272 6191 6353 6352 6239 5966 6026 6072 6114 6027 5894 5994 6034 6206 6149 5884 5888 5996 6121 5932 5992 5963 5909 6290 5983 6384 6107 6208 5899 6243 6220 6256 6404 6296 6005 5977 6233 5916 6324 6274 6283 5962 6076 6163 5961 6258 6051 6376 6303 6334 6342 5975 6134 6345 6377 5990 5902 6006 6081 5995 6300 6314 5895 6230 6299 5917 6117 6271 5898 6335 6155 6210 6297 6349 6235 6200 6399 6216 6228 6313 5965 5936 5997 6039 6084 6104 6109 6166 6263 6190 6198 6328 6409 6147 6333 6075 5892 6211 5955 5947 5890 6004 6068 6119 6126 6150 6327 6151 6179 6176 6219 6171 6363 5919 6289 6407 6348 6380 5960 6242 6144 6169 5883 6018 6196 5885 5988 6282 5915 5976 5906 6041 5910 6184 6246 5984 5891 6173 6142 6410 5968 6160 6308 6033 6061 5993 6073 6087 6392 6185 6022 5950 5985 6186 6193 5991 5922 6094 6383 6395 5930 6102 5918 6315 6215 6132 6332 6192 5940 6086 6007 6025 6266 6203 5946 6069 6251 5957 6046 6145 6064 6111 6374 6389 6411 6040 6167 6285 6225 6217 6136 6247 6078 6154 6172 6325 6294 5958 6292 6301 6340 6361 5980 6049 6337 5999 6085 6036 6053 6079 6118 6125 6326 6202 5924 5987 6137 6028 6222 6402 6212 6221 6365 6386 5935 6091 5954 6249 6286 6097 6205 5903 6248 6323 6406 6405 6017 6050 5889 6298 6336 6370 6156 6098 6394 6278 5927 5941 6115 6237 6350 6329 6189 6183 6264 6245 6287 6029 6371 6002 6268 6309 6293 6400 6226 5901 6158 6319 5944 6060 6197 6312 6232 5973 6269 6244 6270 6311 6234 6122 6023 6346 6106 6403 6090 6096 6291 6391 6330 5933 6113 6012 6141 6357 5921 6174 6188 6124 6045 6013 6123 6302 6252 6042 5939 5945 6014 6273 6279 6396 6048 6331 6375 6339 6360
18543,18601 18560 18585 18600 18571 18605
2790,2844 2794 2814 2889 2810 2797 2813 2839 2834 2819 2804 2796 2820 2808
9103,9186 9131 9197 9169 9180 9137 9105 9104 9127 9172 9176 9193 9191 9184 9179 9146
16203,16237 16238
2365,2438 2377 2375 2442 2381 2443 2450 2384 2374 2455 2407 2399 2465 2366 2378 2439 2448 2372 2379 2398 2368 2420 2385 2423 2409 2469 2404 2425 2373 2393 2369 2418 2367 2376 2412 2400 2459 2432 2470 2391 2440 2394 2390 2453 2451 2462 2468 2457 2415 2431 2436 2444 2405 2460 2389 2472 2402 2463 2371 2406 2417 2437 2458 2395 2380 2387 2408 2461 2388 2416 2396 2392 2426 2452
25568,25706 25595 25603 25655 25615 25696 25618 25624 25631 25689 25692 25640 25606 25619 25644 25671 25608 25620 25571 25574 25621 25575 25646 25664 25697 25654 25580 25670 25628 25681 25682 25647 25703
8777,8801 8783 8788 8791 8789 8798 8807 8793 8794 8816 8853 8878 8857 8886 8843 8799 8820 8840 8889 8842 8803 8804 8809 8815 8831 8837 8844 8845 8854 8848 8819 8867 8851 8862 8866 8841 8870 8836 8874 8832 8847 8881 8810 8846 8812 8858 8790 8833 8823 8834 8835 8852 8792 8861 8780 8865 8868 8802 8786 8864 8781 8817 8872 8795 8869 8778 8796 8814 8829 8884 8871 8821 8877 8882 8787 8797 8855 8856 8863 8811 8808 8827 8813 8784 8828 8800 8839 8825 8849 8830 8785 8838 8873 8876 8888 8782 8818 8779 8883 8826 8805 8824 8859 8880 8887
9846,9902 9847 9864 9848 9865 9878 9879 9852 9922 9866 9946 9894 9904 9913 9925 9926 9851 9897 9891 9854 9915 9940 9858 9862 9889 9853 9883 9907 9917 9938 9869 9849 9888 9898 9850 9886 9900 9941 9943 9901 9876 9863 9881 9903 9899 9906 9923 9856 9909 9918 9857 9942 9859 9880 9933 9893 9929 9895 9928 9908 9934 9931 9868 9877 9914 9920 9935 9861 9887 9932 9873 9905 9924 9937 9892 9870 9916 9872 9944 9927 9936 9855 9874 9930 9885 9860 9945 9896 9871 9875 9867 9884 9882 9911 9921 9890 9912 9910 9939 9919
25773,25877 25780 25820 25876 25805 25833 25881 25846 25977 25869 25999 25802 26008 25890 25916 25938 25858 25983 25842 25867 25844 25785 25903 25812 25879 25974 25948 25919 25965 25853 25946 25874 25871 25870 25908 25776 25848 25917 25954 25956 25934 25885 25900 25907 25895 25960 25920 25936 25994 26010 25849 25998
239,339 243 251 316 264 267 258 338 294 313 320 266 276 302 301 325 335 336 337 305 273 286 274 334 241 242 283 269 263 309 240 310
24857,24875 24992 24859 24900 24905 24970 25144 24993 24874 24982 24888 25048 24935 25022 24975 25075 25085 25050 25139 25157 24963 24952 24891 24977 25031 24912 25084 24939 25004 25095 24991 25079 24969 24990 25083 25016 25006 25126 25013 25044 25038 25003 24869 25030 24892 24930 24956 24889 24953 24917 24913 24861 24962 24966 25028 25142 25119 24926 24928 25115 25019 25000 25089 24865 24996 24938 24980 25047 25070 24971 24967 24998 24870 25026 25015 25152 24964 24974 25021 25117 25105 24934 25008 24944 24873 24943 24981 24941 24960 25100 25012 25037 25041 25027 25129 25131 25029 25101 24929 24984 25018 25091 25103 25111 24972 24860 25062 25122 25154 24985 25130 24882 25107 25014 24864 25078 24916 25092 24911 25064 25052 25088 25108 25149 25080 24868 24908 25072
8553,8706 8620 8702 8725 8744 8557 8641 8764 8667 8570 8593 8649;8717 8563 8662 8676 8574 8586 8623 8681 8697 8651 8589 8614 8630 8631 8564 8663 8746 8636 8687
1839,1845 1881 1856 1898 1924 1912 1857 1927 1932 1920 1948 1908
8100,8238 8118 8105 8109 8111 8153 8117 8113 8186 8202 8194 8128 8146 8161 8191 8224 8162 8131 8134 8182 8121 8119 8101 8129 8198 8228 8125 8207 8205 8200 8112 8216 8232 8148 8178 8209 8147 8155 8197 8120 8107 8195 8144 8176 8172 8196 8206 8108 8223 8214 8222
27022,27072 27041 27095 27158 27176 27224 27069 27040 27053 27221 27181 27234 27151 27057 27163 27199 27076 27227 27038 27028 27047 27190 27091 27117 27125 27168 27169 27130 27090 27206 27029 27131 27231 27055 27045 27080 27211 27160 27054 27078 27236 27140 27182 27089 27146 27048 27175 27043 27036;27172 27060 27037 27132 27106 27187 27025 27026 27135 27096 27113 27124 27156 27186 27215 27198 27232 27108 27143 27044 27200 27126 27205 27056 27129 27088 27195 27214 27167 27164 27173 27107 27122 27027 27031 27075 27039 27059 27142 27128 27157 27102 27210 27193 27049 27065 27153 27104 27188 27079 27119 27052 27149 27218 27139 27030 27093 27150 27171 27229 27207 27062 27115 27133 27061 27116 27155 27217 27154 27084 27094 27033 27127 27212 27197 27064 27032 27138 27081 27110 27147 27071 27170 27180 27194 27063 27134 27222 27219 27228 27092 27042 27101 27230 27024 27034 27183 27112 27058 27159 27161 27051 27099 27136 27035 27073 27105 27196 27178 27109 27067 27145 27166 27085 27068 27046 27202 27209 27177 27041 27095 27158 27176 27224 27069 27040 27053 27234 27151 27057 27199 27076 27227 27038 27028 27047 27190 27091 27117 27125 27168 27169 27130 27090 27206 27029 27131 27231 27055 27045 27080 27211 27160 27054 27078 27182 27089 27146 27048 27175 27043 27036
2895,2914 2936 2942 2961
24758,24787 24773 24794 24798 24782 24803 24800 24811
6726,6766 6784 6765 6877 6759 6850 6843 6811 6838 6909 6915 6842 6884 6733 6826 6755 6762 6796 6829 6887 6856 6898 6740 6894 6742 6812 6830 6747 6783 6859 6776 6808 6933 6768 6795 6873 6739 6792 6914 6866 6927 6793 6761 6876 6910 6750 6807 6904 6828 6819 6834 6893 6827 6854 6862 6736 6833 6744 6846 6872 6925 6849 6908 6730 6823 6897 6743 6852 6810 6818 6867 6921 6798 6926 6822 6825 6817 6773 6728 6780 6781 6882
19129,19186 19132 19133 19153 19221 19234 19160 19179 19232 19214 19192 19163 19136 19196 19181 19187 19164 19236 19155 19177 19262 19243 19242 19240 19248 19185 19202 19159 19206 19171 19245 19183 19204 19241 19267 19224 19246 19146 19188 19190 19162 19170 19176 19223 19255 19208 19207 19238 19157 19222 19151 19139 19149 19250 19219 19174 19215 19235 19213 19265 19156 19184 19226 19197 19228 19237 19199 19191 19194 19216 19142 19261 19169
6413,6719 6722
11410,11714;11769 11445 11764 11707 11566 11708 11499
16642,16668 16702 16721 16656 16728 16646 16809 16724 16651 16685 16699 16647 16727 16738 16671 16688 16689 16718 16778 16797 16860 16791 16848 16782 16733 16810 16864 16845 16836 16755 16766 16822 16765 16784 16840 16669 16740 16709 16763 16829
16869,16919 16908 16935 16970 16955 16892 16948 16932 16951 16896 16950 16987 16973 16898 16901 16980 16989 16956 16894 16944 16996 16886 16902 16931 16905 16912 16899 16879 16941 16998 16891 16893 16922 16921 16963 16885 16986
7667,7739 7789 7669 7668 7712 7734 7749 7804 7765 7929 7807 7889 7705 7915 7787 7936 7689 7922 7962 7714 7852 7908 7763 7675 7686 7733 7741 7955 7834 7871 7913 7977 7771 7778 7670 7691 7724 7794 7914 7735 7697 7791 7968 7840 7923 7875 7779 7698 7720 7839 7815 7907 7833 7803 7795 7934 7884 7891 7813 7928 7809 7973 7823 7702 7766 7728 7793 7777 7692 7949 7785 7864 7747 7926 7868 7970 7890 7721 7731 7811 7947 7772 7754 7677 7862 7788 7696 7965 7761 7780 7883 7796 7920 7945 7751 7776 7838 7828 7861 7943 7703 7748 7826 7917 7857 7680 7767 7830 7824 7725 7704 7918 7967 7750 7895 7853 7799 7688 7870 7938 7736 7976 7730 7699 7713 7684 7746 7764 7737 7775 7921 7899 7738 7902 7854 7975 7797 7683 7773 7760 7906 7808 7876 7903 7933 7944 7825 7837 7727 7829 7966 7711 7693 7963 7729 7932 7707 7792 7805 7819 7678 7831 7752 7869 7912 7790 7850 7885 7905 7718 7846 7959 7679 7953 7954 7972 7701 7742 7904 7927 7847 7882 7978 7858 7671 7980 7851 7762 7801 7681 7855 7931 7769 7960 7951 7958 7843 7806 7981 7873 7877 7740 7755 7687 7848 7708 7948 7888 7950 7969 7863 7979 7715 7710 7716 7892 7722 7817 7919 7924 7719 7743 7835 7925 7744 7782 7849 7676 7690 7821 7694 7898 7758 7810 7845 7859 7827 7910 7865 7971 7909 7756 7887 7673 7786 7812 7802 7896 7956 7878 7946 7964 7897 7939 7844 7700 7745 7842 7685 7706 7757 7856 7930 7774 7672 7893 7800 7941 7894 7886 7982 7753 7682 7881 7942 7867 7726 7798 7874 7879 7820 7816 7717 7781 7900 7822
9642,9828 9648 9649 9645 9651 9796 9658 9669 9688 9750 9652 9814 9815 9653 9650 9753 9766 9835 9693 9742 9760 9665 9703 9799 9741 9820 9654 9706 9748 9656 9679 9667 9812 9670 9726 9745 9818 9756 9809 9707 9698 9764 9797 9772 9727 9784 9837 9783 9675 9754 9771 9789 9722 9787 9762 9839 9832 9791 9819 9661 9672 9695 9699 9757 9702 9776 9788 9813 9821 9735 9704 9803 9711 9691 9714 9662 9671 9682 9663 9804 9680 9778 9752 9716 9731 9734 9719 9686 9646 9668 9769 9823 9810 9781 9785 9802 9708 9739 9732 9842 9733 9737 9694 9701 9728 9763 9768 9816 9767 9805 9715 9746 9831 9798 9749 9681 9690 9833 9743 9720 9782 9713 9676 9744 9747 9758 9773 9841 9827 9751 9710 9775 9712 9724 9765 9777 9800 9840 9786 9792 9683 9845 9657 9673 9838 9740 9709 9795 9843 9817 9736 9779 9826
2255,2271 2262 2306 2301 2352 2363 2277 2327 2314 2282 2286 2261 2264 2316 2315 2281 2349 2344 2359 2339 2322 2257 2275 2265 2272 2280 2290 2343 2364 2350 2353 2361 2323 2291 2309 2336 2293 2297 2303 2285 2332 2319 2295 2304 2345 2288 2310 2355 2313 2337 2341 2346 2269 2266 2274 2321 2360 2289 2338 2342 2278 2268 2263 2305 2292 2329 2325 2284 2300 2294 2298 2335 2357 2311 2259 2258 2326 2348 2331 2317 2270 2340 2302 2334 2356 2358 2330 2312 2324 2333 2328 2351
22824,22979 22834 22915 22930 22993 22844 22864 23000 22940 22981 22849 22926 23058 22879 22975 23035 22991 22899 22920 22955 23010 22903 23016 22917 23019 22995 22943 22959 22963 22845 22863 22901 22897 23047 23032 22937 23011 23038 22846 22900 22832 23052 22982 22947 23004 23026 22908 22876 22911 22921 23044 22833 22827 23041 22932 22929 22942 22873 22898 22934 23008 22890 23031 22971 23053 23059 22964 23055 22948 23022 23028 23050 23051 23054 22968 23006 22953 22989 22852 22880 22976 23024 22967 22914 22855 23036 22944 22954 23039 22858 23042 22887 22867 22870 22909 22935 22893 22825 23014 23003 23057 22985 22941 22850 22836 22854 22851 23021 23045 22857 22957 22878 22916 22895 22830 22868 22884 22938 22960 22912 22831 23007 22965 23009 22956 22840 22872 22862 22877 22945 22996 23037 23040 22961 22902 22919 23033 22896 22946 22925 23012 23061 22962 22998 22861 22984 23060 22889 22918 22843 22980 22866 22913 22829 22837 22860 22969 22949 22970 22871 22931 22974 22999 22973 23013 23027 23023 22939 22972 22856 22924 22952 22841 23030 22950 23002 22865 23062
15672,16018 15692 15841 15901 15916 15739 15969 16129 16201 15842
3735,4325 3907 3920 3880 3960 3893 3932 3961 4011 3754 4206 4237 4139 3973 4051 4060 4159 4198 4319 3986 4074 4104 4178 4241 4088 4358 4383 4086 4200 3846 3896 4027 4288 4192 4312 4357 4209 4130 4092 3945 4204 3834 4113 4153 4016 4387 4003 4124 4195 3905 3807 4378 3912 3942 4044 3909 3919 4008 3966 4041 3984 4079 4040 4259 4341 3937 4389 4061 4120 3998 4272 4281 4392 3879 4025 4217 4176 3994 4002 4399 3782 4073 4184 4141 3795 4270 4302 3822 4331 3804 3910 3935 4155 4203 4300 4305 3794 4070 4310 4274 4391 3852 3884 3944 4350 3989 3767 4384 4169 3784 4114 4268 4221 3974 4232 4362 3793 4224 4292 4194 4365 4102 3787 4147 4277 4127 4233 3759 4349 4179 4222 3810 4172 4240 3865 3962 4267 3766 4170 4336 4386 4029 4181 3826 4251 3914 3958 4156 4162 4218 4144 4286 4271 4258
23157,23259 23229 23275 23169 23186 23208 23262 23164 23243 23264 23292 23179 23293 23233 23280 23160 23168 23279 23215 23251 23281 23173 23177 23196 23268 23190 23257 23236 23223 23253 23283
4406,4666 4472 4500 4482 4477 4519 4529 4488 4473 4687 4601 4542 4769 4556 4656 4662 4532 4540 4606 4682 4715 4820 4641 4727 4580 4506 4533 4433 4490 4493 4610 4629 4719 4636 4651 4753 4749 4538 4620 4667 4676 4788 4496 4796 4643 4596 4527 4763 4431 4647 4766 4467 4515 4578 4614 4691 4747 4464 4799 4438 4750 4576 4758 4776 4419 4481 4528 4554 4520 4708 4731 4589 4485 4548 4562 4598 4701 4592 4413 4408 4826 4591 4781 4583 4513 4566 4712 4459 4814 4813 4717 4827 4491 4469 4786 4503 4415 4504 4514 4452 4624 4572 4653 4828 4575 4567 4611 4677 4660 4674 4695 4724 4773 4615 4569 4630 4657 4809 4793 4730 4823 4590 4740 4802 4815 4509 4617 4694 4483 4443 4800 4729 4808 4633 4798 4713 4797
26321,26421 26328 26335 26454 26475 26396 26459 26414 26413 26464 26439 26407 26408 26427 26467 26470 26466 26322 26349 26456 26390 26342 26340 26380 26346 26453 26350 26336 26366 26379 26404 26415 26419 26482 26361 26406 26455 26458 26326 26477 26420 26398 26436 26474 26487 26324 26490 26402 26444
9947,10133 10098 10130 10106 9973 10077 10109 9988 9996 10050 10087 10112 10331 10121 10004 10284 10250 10246 9966 9983 9961 10145 10144 10183 10017 10243 10271 10274 9991 10278 10333 10168 9998 10270 10365 10016 10142 10174 10021 10266 10320 9954 10072 9951 10100 10034 10272 10073 10164 10032 10096 10185 10039 10155 9984 10076 10070 10124 10078 10157 10173 10351 10213 10171 10231 10354 10335 10377 9960 10217 9952 10384 10178 9976 10182 10129 10341 10263 10117 10177 10277 10379 10211 10110 10228 10332 9990 10334 10336 10301 10360 10009 10001 10099 10210 10023 10038 10086 10197 10169 10176 10113 10134 9989 10074 10216 10044 10104 9962 10260 10198 10051 10279 9950 10345 10018 10186 10314 10011 10269 10302 10310 10071 10094 10084 10161 9993 10388 10329 10163 10027 10267 10340 10281 10355 10312 10296 10387 10115 10318 10323 10374 10353 10123 10358 10362 10195 10373 10047 10102 10253 10352 10010 10299 10194 10209 10196 10219 10022 10061 10297 9982 9985 10152 10236 10218 10031 10175 9959 10203 10103 10359 10040 10339 10349 10143 10206 10138 10306 10141 10067 10058 10179 10268 9986 9963 10088 10140 9948 10111 9978 10162 10249 10251 10026 10325 10042 10193 10060 10128 10030 10049 10091 10309 10062 10230 9955 9995 10008 10287 10139 10372 10316 10189 10208 10037 10364 9956 10201 9999 10385 10238 10254 10313 10321 10075 10262 10150 10371 10082 10226 9971 10131 10363 10343 10261 10381 10366 9967 10315 9968 9980 9953 10043 9979 10252 10257 9997 10166 10234 10273 10327 10291 10125 10132 10149 10188 10029 10368 10324 10036 10052 10135 10059 9974 10069 10137 10146 10080 10348 10190 10276 10311 10370 10212 10288 10361 9949 10081 10337 10247 10367 10294 10054 9957 10013 10224 9958 10002 10107 10285 10391 10019 10065 9970 10007 10093 10095 10148 10191 9965 10192 10290 10046 9969 10005 10048 10200 10330 10255 10280 10245 10265 10342 10346 10167 10202 10204 10127 10369 10151 10392 10235 10282 10000 10090 10120 10305 10376 10317 10153 10227 10035 10101 10229 9994 10241 10326 10390 10122 10225 10248 10064 10118 10068 10066 10003 10319 10156 10136 10159 10180 10295 10108 9964 10382 10172 10053 10170 10300 10207 10223 10237 10283 10289 10350 10307 10389 10298 10328 10015 10154 10024 10025 10214 10056 10275 10256 10083 10303 10199 9975 10033 10085 10165 10293 10006 10079 10215 10089 9992 10356 10233 10147 10105 10242 10308 10119 10378 10338 10057 10158 10063 10344 10181 10383 9981 10220 10232 10041 10205 10055 10160 10259 10097 10012 10045 10292 10322 10357 10240 10286 10184 10347 10375 10244 10380 10393 10394 10020 10304 9977 9987 10014 10028 10116 10092 10239 10386
345,486 453 544 482 365 533 351 428 515 418 526 449 591 594 394 416 494 543 530 596 455 553 597 548 376 570 489 535 497 541 523 578 559 579 423 437 362 485 549 424 380 511 440 354 391 599 432 574 367 601 602 452 387 402 500 467 483 563 478 536 411 537 551 463 576 383 401 404 479 513 529 567 445 598 587 588 532 503 564 360 386 407 571 361 410 581 552 512 348 369 349 462 538 417 353 436 521 413 431 562 481 454 510 433 609 508 399 610 607 359 408
23299,23678 23614
18005,18347 18098 18068 18200 18477 18290 18327 18156 18179 18455 18470 18265 18450 18006 18172 18235 18012 18027 18429 18076 18110 18175 18365 18481 18037 18186 18401 18469 18427 18480 18036 18195 18282 18334 18345 18454 18029 18357 18462 18506 18151 18226 18016 18317 18349 18228 18361 18380 18517 18471 18456 18118 18531 18054 18410 18266 18416 18540 18181 18093 18231 18432 18063 18112 18180 18021 18082 18074 18267 18271 18353 18306 18426 18435 18489 18177 18299 18335 18386 18008 18442 18465 18514 18225 18302 18425 18263 18221 18039 18077 18519 18342 18343 18348 18066 18339 18253 18526 18138 18364 18269 18124 18414 18466 18441 18032 18145 18254 18120 18133 18337 18017 18301 18419 18160 18474 18350 18509 18125 18203 18378 18190 18321 18396 18192 18289 18248 18472 18520 18420 18108 18193 18159 18255 18143 18314 18395 18527 18285 18452 18330 18402 18438 18500 18102 18309 18467 18510 18196 18212 18406 18259 18444 18437 18201 18214 18286 18224 18210 18411 18095 18273 18323 18087 18121 18075 18374 18185 18206 18391 18009 18015 18417 18086 18407 18019 18239 18379 18375 18485 18415 18458 18525 18408 18518 18155 18178 18276 18283 18030 18318 18209 18507 18234 18360 18043 18459 18498 18513 18288 18398 18031 18071 18238 18320 18409 18241 18242 18346 18354 18303 18315 18049 18384 18316 18340 18486 18387 18512 18536 18332 18051 18080 18373 18338 18041 18127 18020 18219 18240 18107 18446 18140 18319 18463 18183 18322 18508 18503 18171 18126 18448 18529 18059 18056 18168 18362 18389 18530 18431 18451 18044 18052 18297 18310
19788,20041 19897 19933 19996 19993
8239,8280 8244 8292 8261 8245 8268 8300 8316 8281 8279 8312 8314 8330 8301 8307 8332 8262 8290 8275 8336 8274 8297 8328 8308;8324 8249 8270 8240 8327 8259 8299 8283 8303 8285 8320 8331 8302 8253 8267 8309 8317 8250 8311 8289 8329 8318 8306 8291 8323 8277 8272 8296 8305 8333 8251 8273 8334 8310 8256 8242 8244 8292 8261 8245 8268 8316 8281 8312 8314 8330 8307 8332 8290 8275 8336 8297 8308
611,802 633 616 664 805 710 761 806 737 789 790 810 826 637 659 753 796 735 720 613 669 776 623 646 714 701 811 661 703 814 758 712 770 724 743 745 800 653 777 812 819 838 845 848 760 782 834
26492,26632 26497 26510 26750 26531 26539 26514 26627 26568 26702 26767 26571 26756 26770 26527 26555 26580 26562 26564 26588 26629 26640 26587 26696 26635 26575 26548 26777 26810 26718 26591 26602 26535 26493 26662 26565 26790 26604 26695 26711 26800 26550 26569 26501 26553 26644 26509 26583 26825 26551 26654 26670 26799 26525 26499 26557 26699 26619 26664 26623 26653 26680 26609 26686 26503 26639 26681 26734 26801 26710 26780 26806 26581 26752 26543 26637 26598 26606 26500 26812 26614 26633 26719 26582 26516 26572 26628 26577 26742 26818 26638 26526 26691 26567 26736 26716 26661 26504 26655 26755 26814 26573 26666 26506 26519 26523 26731 26536 26545 26592 26658 26823 26715 26594 26534 26645 26596 26505 26599 26634 26689 26616 26631 26578 26636 26669 26693 26605 26732 26764 26650 26660 26679 26705 26729 26796 26738 26735 26745 26508 26544 26642 26542 26618 26648 26816 26730 26646 26677 26740 26766 26817 26797 26684 26690 26757 26678 26703 26773 26612 26649 26621 26707 26712 26741 26706 26778 26793 26811 26502 26558 26529 26692 26704 26768 26630 26511 26515 26656 26570 26698 26671 26762 26513 26700 26537 26659 26667 26668 26683 26521 26781 26585 26546 26798 26792 26804 26538 26559 26584 26603 26749 26769 26541 26611 26739 26721 26533 26624 26512 26743 26495 26758 26826 26819 26726 26765 26547 26590 26784 26626 26586 26617 26643 26733 26663 26507 26746 26552 26824 26791 26540 26613 26815 26532 26753 26795 26714 26524 26615 26759 26651 26498 26593 26785 26688 26675 26709 26560 26520 26574 26496 26682 26687 26685 26579 26724 26754 26788 26771 26625 26789 26727 26701 26803 26517 26607 26774 26787 26673 26554 26708 26622 26725 26772 26747 26556 26751 26808 26820 26748 26601 26813 26694 26779 26530 26713
5212,5662 5504 5521 5519 27459 27507 27326 5730 27308 27479 27306 27307 27490 27256 27420 27292 27476 27320 27331 27278 27291 27464 27373 27510 27381 27280 27363 27386 27396 27443 27449 27467 27314 27382 27389 27384 5649 27257 27433 27268 27354 27290 27318 27422 27285 27455 27437 27491 27323 27260 27430 27325 27327 27345 5587 27328 27358 27251 27394 27494 27496 27319 27356 27414 27267 27277 27431 27403 27481 27410 27409 27454 27501 27498 27405 5652 5639 27240 27286 27321 27302 5500 5622 27485 27238 27316 27371 24652 27245 27395 27503 27397 27369 27343 27376 27264 27401 27424 27483 27313 5680 5586 5740 5494 5539 5654 5708 27272 27380 27360 5696 27435 27346 27365 27417 27466 27372 5819 27239 27311 27347 27412 5843 27474 27406 27390 5667 27269 27334 27265 27297 27463 27298 27329 27484 27500 27271 27425 27340 27444 27330 27418 27465 27470 27421 27370 27377 27505 27270 27411
17951,17980 17966 17956 17957 17983 17993
22650,22767 22651 22772 22782 22815 22671 22674 22693 22694 22716 22709 11081 22732 22765 22754 22690 22818 22800 22742 22695 22654 22686 22733 22668 22672 22673 22738 22676 22658 22758 22681 22685 22704 22708 22692 22763 22698 22736 22718 22761 22726 22756 22806 22790 22792 22780 22652 22787 22669 22798 22719 22801 22655 22700 22663 22776 22768 22764 22797 22745 22687 22804 22713 22730 22813;22788 22707 22747 22816 22823 22782 22671 22693 22709 22800 22686 22733 22668 22676 22698 22761 22726 22806 22780 22652 22669 22700 22764;22822 22737 22670 22678 22773 22796 22683
16378,16486;16636 16384 16422 16577 16479 16395 16455 16615 16415 16383 16462 16525 16379 16405 16524 16545 16631 16449 16560 16481 16426 16554 16559 16484 16516 16419 16480 16490 16550 16435 16503 16587 16613 16499 16602 16436 16580 16633 16583 16485 16427 16432 16431 16447 16522 16434 16461 16409 16433 16440 16482 16557 16531 16588 16470 16421 16555 16638 16446 16501 16512 16502 16397 16437 16407 16548 16605 16469 16561 16511 16639 16489 16514 16546 16622 16399 16513 16515 16582 16406 16464 16569 16604 16471 16398 16416 16448 16393 16507 16414 16430 16496 16581 16539 16500 16544 16510 16523 16538 16458 16589 16475 16530 16418 16535 16549 16385 16452 16425 16451 16491 16492 16551 16504 16528 16629 16459 16553 16460 16381 16585 16478 16562 16556 16628 16404 16641 16568 16527 16389 16403 16429 16394 16456 16599 16598 16450 16392 16595 16401 16614 16473 16621 16626 16488 16494 16402 16537 16396 16411 16612 16566 16543 16600 16607 16616 16390 16410 16413 16601 16623 16439 16536 16635 16442 16476 16493 16603 16593 16618 16594 16444 16463 16558 16477 16483 16506 16388 16508 16519 16408 16423 16424 16547 16526 16532 16380 16445 16608 16533 16542 16387 16565 16590 16509 16610 16467 16412 16505 16540 16592 16624 16400 16466 16574 16521 16627 16541 16591 16609 16563 16564 16572 16573 16578 16596 16584 16597 16637 16443 16391 16457 16472
10929,10935 10955 10964 10989 10944 10948 10968 10977 10951 10993 11013 10957
11186,14904 11048 11014 11231 14962 14835 14845 14876 14889 14894 15054 14920 14934 14922 14890 14965 14974 15217 14924 15075 15208 15136 15188 15207 14823 15132 15196 14938 14861 14941 14944 14950 15016 14834 14902 15001 14882 15085 15180 14877 15073 15225 15119 14859 14887 14948 15074 14814 14937 15125 15226 14826 15146 15081 14857 15079 14966 14817 14989 15130 15167 14866 15177 14956 14811 15151 15069 15140 15218 15219 15037 15103 15168 15224 14852 15034 14875 15078 14873 15179 15187 14831 14927 14893 14903 15150 14933 14919 14860 14833 15163 15104 14959 15003 15051 15102 15077 15084 15093 15116 15210 14984 15160 15189 15012 15040 15222 14864 14931 15014 14994 15198 15031 15032 15043 14973 14914 14836 14888 14921 14953 15068 15056 15095 15027 15052 14824 14847 14980 15005 14926 14995 14935 15097 15071 14977 15087 15197 15082 15117 14829 14906 15021 14846 14917 15137 14911 14818 14975 15015 15171 14951 15115 14871 14997 14957 15060 15127 15124 15216 14990 15166 15133 14969 15018 14899 15182 15211 15173 14855 14868 14883 14993 14896 15135 15010 15029 14942 15080 15138 15101 15064 14838 14848 15066 15106 15206 14929 15007 15067 14907 15123 15153 15028 15098 15134 15143 15161 15090 15141 15170 14819 14822 14996 15175 15000 15011 15109 14946 14830 14849 14955 14991 15009 14908 15025 14885 15092 15038 15142 14900 15006 15121 15200 14858 15053 15176 15070 15059 14918 15020 14812 15062 15192 14815 14862 14985 15019 15114 14886 15209 14916 14945 15033 14960 15172 15191 15220 15155 15223 15156 15046 14909 14923 15212 14987 15148 15022 14881 15185 14854 15061 15083 15089 14872 14930 15111 15128 14958 15013 15110 15181 15024
25159,25215 25176 25168 25177 25208 25241 25212 25255 25265 25218 25235 25206 25184 25190 25275 25260 25277 25216 25245 25262 25226 25267 25268 25196 25224 25244 25252 25234 25270 25163 25167 25223 25276 25233 25274 25269 25282 25169 25222 25174 25175 25179 25199 25273 25202 25243 25187 25194 25248 25256 25198 25204 25205 25249 25231 25201 25186 25193 25209 25263 25200 25225 25173 25192 25191 25254 25230 25211 25165 25166 25185 25227 25228 25232 25253 25237 25160 25242 25203 25172 25164 25197 25257 25213 25247 25238 25250 25240 25181 25183 25189 25229 25261 25259 25178 25214 25236 25279 25272 25278
13353,13457 13356 13431 13363 13388 13399 13426 13361 13387 13415 13370 13390 13450 13400 13453 13441 13443 13469 13467 13354 13358 13366 13357 13369 13403 13406 13435 13456 13412 13381 13447 13454 13425 13420 13449 13458 13464 13362 13422 13360 13382 13379 13383 13402 13394 13439 13368 13395 13440 13462 13414 13421 13372 13419 13424 13373 13466 13410 13375 13392 13377 13384 13445 13468 13396 13413 13418 13386 13452 13451 13460 13391 13429 13455 10022 13397 13416 13442 13463 13380 13434 13459 13371 13461 13385 13378 13365 13465 13389 13446 13470 13393 13367 13437 13433 13407 13411 13427 13359 13364 13430 13376 13448 13374 13432 13436 13408
1968,2232 2112 2125 1991 1997 2098 2168 2152 2228 2016 2153 2162 2042 2058 2156 2061 2004 2033 2043 2081 2121 2084 2212 2006 2151 2135 2183 2167 1990 2023 2076 2089 2137 2096 2101 2210 2231 1974 2118 2172 2045 2044 2039 2233 2150 2147 1992
4829,5066 4839 4864 4963 5011 5077 4890 5072 4928 4882 5002 4873 4888 4843 4852 4870 4879 4874 5051 4921 5020 5063 5060 4987 4831 4983 4833 5014 4917 4842 5058 4942 4924 4862 4878 4961 5026 4925 4923 5040 5053 4952 5068 4853 4865 4939 5065 4908 4922 4883 4916 4954 4970 4910 4946 4979 5037 4981 4945 4907 4944 4998 5082 5085 4900 4985 5044 5042 4845 4932 5027 5083 4937 4880 5006 5019 4851 4855 4984 5028 4856 4898 5012 4869 4902 5022 5039 5069 5050 4871 4935 5052 4904 4844 4861 5038 4863 4955 4894 4997 5030 4950 4977 5009 5034 4909 4989 5056 5064 5029 4891 5054 4858 4959 5073 4919 4968 4938 5007 5059 5062 5000 4975 4905 4914 4960 4836 5046 5048 5049 5018 4995 5067 4980 5033 4974 4990 4896 4881 4835 4884 5013 5071 5017 4841 4957 5004 4847 4911 4854 5016 5043 4899 5084 5076 5061 4943 4885 4872 4859 4953 4906 4958 4927 5074 4994 5080 4838 4967 5021 4915 4966 4978 5036 4895 4936 4913 5045 4897 4965 4947 4992 4867 4920 5024 5041 4941 4918 5055 4962 4840 4876 4868 4837 4993 4931 4903 4982 4930 4886 5023 4949 4875 4893 5005 4986 5010 4951 4832 4857 4929 4964 5078 4934 4866 4972 4830 4860 4892 4834 4901 4926 4887 4948 5079 4971 5057 5001 5008 5003 4889 4846 4940 4850 4912 4933 4991 4956 5031 4849 4976 4996 5047 4877 4999 4848 5025 5035 5032 5081 5015 4988
3059,3142 3124 3166 3090 3139 3168 3154 3234 3233 3120 3140 3141 3152 3093 3136 3144 3147 3181 3148 3164 3196 3209 3197 3110 3119 3199 3125 3178 3203 3211 3126 3128 3103 3114 3143 3202 3095 3176 3134 3117 3213 3218 3167 3217 3106 3172 3201 3225 3182 3113 3135 3149 3102 3097 3183 3138 3160 3171 3222 3101 3214 3235 3229 3130 3122 3224 3137 3098 3169 3174 3161 3105 3159 3118 3132 3170 3180 3185 3156 3195 3212 3094 3175 3215 3194 3099 3100 3216 3146 3231 3208
1357,1556 1371 1363 1527 1401 1509 1571 1440 1560 1639 1707 1461 1759 1800 1531 1575 1594 1370 1692 1728 1723 1458 1694 1683 1735 1792 1687 1804 1541 1726 1772 1641 1731 1777 1739 1559 1451 1636 1434 1592 1360 1653 1670 1811 1691 1769 1751 1392 1424 1697 1516 1532 1789 1452 1779 1420 1460 1752 1587 1358 1359 1619 1668 1763 1366 1400 1612 1450 1775 1805 1663 1809 1808 1783
11364,11369 11372 11388 11378 11371 11406 11365 11380 11391 11367 11392 11366 11376 11377 11393 11407 11384 11375 11382 11395 11385 11400 11397 11399 11404 11368 11389 11394 11370 11381 11396 11401 11405 11402 11373 11390 11383 11403 11408 11379 11386
10395,10543 10458 10706 10425 10472 10474 10438 10481 10565 10445 10575 10570 10746 10492 10519 10404 10414 10442 10558 10640 10691 10737 10708 10568 10456 10466 10556 10628 10639 10611 10744 10511 10527 10582 10734 10686 10695 10553 10700 10531 10539 10772 10431 10598 10561 10505 10512 10536 10728 10409 10655 10725 10533 10642 10792 10569 10790 10685 10406 10471 10578 10521 10587 10541 10427 10615 10761 10765 10612 10768 10742 10429 10453 10579 10674 10733 10455 10643 10670 10682 10785 10766 10525 10572 10532 10789 10713 10585 10732 10620 10716 10547 10731 10574 10544 10417 10647 10667 10444 10401 10402 10608 10405 10668 10421 10581 10449 10502 10549 10588 10488 10432 10480 10524 10786 10618 10755 10704 10557 10592 10634 10559 10635 10745 10580 10683 10397 10577 10648 10767 10773 10718 10703 10415 10538 10605 10764 10646 10469 10411 10701 10491 10752 10441 10454 10603 10756 10757 10707 10723 10573 10645 10506 10782 10697 10740 10486 10780 10759 10509 10448 10690 10663 10484 10593 10528 10551 10630 10714 10727 10478 10721 10542 10594 10627 10775 10476 10583 10499 10610 10676 10595 10554 10420 10467 10545 10597 10426 10500 10649 10485 10586 10413 10604 10666 10758 10684 10664 10677 10530 10762 10689
13789,13801 13687 13709 13744 13727 13938 13904 13916 13917 13747 13769 13782 13756 13755 13710 14049 13722 13853 13867 13984 13869 13833 14066 14082 13875 14118 14095 14120 14007 14011 13783 13703 13734 13788 13826 13707 13708 13820 13691 13763 13909 14012 13914 13956 13759 13901 13960 13851 13929 13942 14005 14076 13923 14014 13944 14040 14053 13964 13705 13777 14002 13880 14079 13989 13790 13694 13712 13863 13866 13854 13910 13969 13818 13932 13995 14087 13998 13973 13889 14098 13985 14122 14013 14033 13860 13878 14110 13736 13845 13907 13990 14041 13925 13697 13862 13864 13976 14102 13913 14086 14084 13884 13886 14051 13978 14018 14115 14112 14121 14039 14083 13791 13719 13748 13816 13824 13893 14128 13830 14056 13844 13772 14065 13799 14104
2738,2771 2787 2775
